0.000000	0.142857	0.040816	0.816327	
0.244898	0.163265	0.224490	0.367347	
0.000000	0.326531	0.020408	0.653061	
0.000000	0.081633	0.102041	0.816327	
0.000000	0.142857	0.000000	0.857143	
0.040816	0.265306	0.000000	0.693878	
0.020408	0.122449	0.122449	0.734694	
0.000000	0.040816	0.346939	0.612245	
0.000000	0.285714	0.000000	0.714286	
0.040816	0.020408	0.000000	0.938776	
0.102041	0.061224	0.000000	0.836735	
0.000000	0.326531	0.000000	0.673469	
0.000000	0.183673	0.061224	0.755102	
0.081633	0.142857	0.285714	0.489796	
0.081633	0.285714	0.081633	0.551020	
0.081633	0.081633	0.061224	0.775510	
0.061224	0.000000	0.204082	0.734694	
0.000000	0.163265	0.183673	0.653061	
0.448980	0.142857	0.346939	0.061224	
0.265306	0.122449	0.306122	0.306122	
0.326531	0.346939	0.000000	0.326531	
0.265306	0.081633	0.000000	0.653061	
0.183673	0.000000	0.000000	0.816327	
0.326531	0.183673	0.285714	0.204082	
0.326531	0.020408	0.183673	0.469388	
0.224490	0.224490	0.000000	0.551020

0.142857	0.163265	0.326531	0.081633	0.142857	0.265306	0.122449	0.040816	0.285714	0.020408	0.061224	0.326531	0.183673	0.142857	0.285714	0.081633	0	0.163265	0.142857	0.122449	0.346939	0.081633	0	0.183673	0.020408	0.22449
0.040816	0.22449	0.020408	0.102041	0	0	0.122449	0.346939	0	0	0	0	0.061224	0.285714	0.081633	0.061224	0.204082	0.183673	0.346939	0.306122	0	0	0	0.285714	0.183673	0
0.816327	0.367347	0.653061	0.816327	0.857143	0.693878	0.734694	0.612245	0.714286	0.938776	0.836735	0.673469	0.755102	0.489796	0.55102	0.77551	0.734694	0.653061	0.061224	0.306122	0.326531	0.653061	0.816327	0.204082	0.469388	0.55102
